00100566
00100732
00100854S1
00100872
00101293
00101800
00101800A
00101823
00101974
00102042
00102054
00102072
00102094
00102101
00102118
00102119
00102123
00102124
00102131
00102137
00102141
00102144
00102150
00102159
00102162
00102163
00102171
00102172
00102173
00102174
00102175
00102176
00102180
00102186
00170076
00183531A
00183532A
00183533A
00183534A
00183535A
00183536A
00183537A
00183538A
00183539A
00183543A
00183544A
00183545A
00183564A
00190087
00190128S
00190560
00190646
00190839
00192082
00192334
00192518
00192529
00192542
00192554
00192716
00192803
00193357
00193650S
