0
001000000
001020001
001020007
001040000
001050001
001050007
0010AS123
0010B1000
0010CW100
0010MH123
0010MS123
0011000!L
0011000*1
001100000
00110001!
001100010
00110012!
00110014!
00110015!
00110016!
00110074!
00110078!
00110084!
00110086!
001101000
001102000
001102001
001105000
00110858!
00110859!
00110863!
001111111
001111222
001121000
001121001
001121002
001121003
001121004
001121005
001121500
001122000
001125201
001125202
001125203
001125206
001125211
001125212
001125221
001125222
001125231
001125232
001125233
001125241
001125243
001125251
001125261
001125271
001125281
001125282
001125300
001141000
001145010
001200000
001201000
001201001
001202000
001202001
001202003
001202004
001202010
001203000
001205003
001205004
001205005
001222222
001251020
001282000
001300000
001300020
001300100
001301000
001301001
001301010
001302000
001303000
001331331
001400000
001401000
001401001
001401002
001401003
001401004
001401005
001401201
001401203
001402000
001403000
001404000
001406000
001406001
001406004
001407001
001411000
001412000
001414000
001427003
001441000
001500000
001500010
001501000
001555000
001555001
001555555
001666666
001700000
001700010
001700011
001700020
001700030
001700039
001700040
001700050
001700060
001700070
001700100
001700200
001700300
001700400
001700500
001700700
001888888
001CAS!LB
001REV10P
001RLROLL
001cas!LB
004102000
004105000
004121005
004125201
004125231
004125232
004125281
004145001
004145003
004145004
004146001
004147001
004147002
004201000
004201001
004202003
004202010
004205003
004282000
004301000
004301001
004331331
004401000
004401001
004406000
004414001
004501000
123100000
123102000
123200000
123300000
123900000
536102000
536102010
536105000
536121005
536121500
536125201
536125211
536125221
536125231
536125232
536125281
536125301
536145010
536201000
536201001
536202003
536202004
536202010
536205003
536251020
536282000
536300000
536300020
536300100
536301000
536301001
536301002
536301010
536401000
536401001
536401003
536401200
536402000
536406000
536406001
536406004
536411400
536414000
536423000
678100100
678100200
678200100
678666777
