0011142
0011143
0011055
0011145
00110203
001TEST
0011137
0011134
001MY2000
001123
001234
00110470
0011158
0011160
0011146
0011166
0011179
0011168
0011173
0011174
0011177
0011181
0011182
0011186
0011189
0011190
00110585
0011195
0011193
0011218
0011204
001ALEX2
0011208
0011209
0011210
0011234
0011215
0011216
0011217
0011219
0011232
0011233
0011240
0011246
00136023
0011214
0011212
0011247
001LRTEST2
0011248
0011249
0011258
0011252
0011257
0011254
0011261
0011272
0011265
0011274
0011276
0011278
0011289
0011297
0011299
0011300
0011301
0011302
0011292
0011304
001RL1500
0011312
0011313
0011319
0011321
0011322
