001011025
001011026
001011027
001011045
001021017
001021029
001021031
001021056
001021057
001021058
001021059
001021060
001021078
001021079
001021080
001021087
001021089
001031012
001031018
001031023
001031035
001031037
001031043
001031044
001031083
001031085
001031144
001031145
001041017
001041051
001041054
001041085
001051086
001071009
001071011
001071014
001071016
001071019
001071055
001071061
001071062
001071065
001071069
001071070
001071076
001071077
001071078
001071079
001081038
001081039
001081042
001081043
001081045
001081046
001081058
001081060
001081085
001081095
001081096
001081101
001081102
001081106
001081107
001121044
001121049
