001011002
001011005
001011012
001011014
001011015
001011016
001011022
001011028
001011029
001011031
001011032
001011033
001011034
001011035
001011037
001011039
001011041
001011042
001011043
001011044
001011057
001011059
001011060
001011064
001011065
001011068
001011069
001011072
001011074
001011077
001011078
001011082
001011091
001011093
001011098
001011104
001011105
001011106
001011107
001011108
001011109
001011112
001021009
001021015
001021016
001021019
001021020
001021022
001021023
001021025
001021027
001021030
001021032
001021033
001021035
001021037
001021041
001021042
001021043
001021044
001021045
001021046
001021048
001021049
001021050
001021051
001021052
001021053
001021054
001021055
001021062
001021063
001021064
001021065
001021066
001021067
001021068
001021069
001021070
001021071
001021072
001021073
001021074
001021075
001021076
001021077
001021081
001021083
001021085
001021088
001021090
001021091
001021093
001021095
001021109
001021113
001021114
001021120
001031007
001031011
001031017
001031019
001031021
001031029
001031031
001031034
001031062
001031063
001031079
001031081
001031084
001031086
001031087
001031119
001031120
001031130
001031132
001031133
001031134
001031135
001031136
001031141
001031142
001031143
001031146
001041047
001041049
001041053
001041080
001041081
001041082
001041083
001041086
001041088
001041089
001041091
001041093
001041098
001041099
001041100
001041101
001041102
001041103
001041105
001041106
001051003
001051022
001051023
001051029
001051051
001051052
001051053
001051059
001051060
001051061
001051062
001051064
001051077
001051078
001051079
001051081
001051082
001051083
001051084
001051085
001051087
001051088
001061006
001061007
001061009
001061013
001061014
001061015
001061016
001061017
001061018
001061019
001061020
001061021
001061022
001061023
001061026
001061031
001061032
001061033
001061035
001061037
001061057
001061058
001061059
001061069
001061074
001061075
001061081
001061082
001061089
001061091
001061092
001061093
001071001
001071002
001071013
001071025
001071027
001071031
001071036
001071044
001071045
001071046
001071047
001071050
001071052
001071054
001071056
001071057
001071058
001081001
001081037
001081040
001081041
001081044
001081047
001081054
001081056
001081059
001081061
001081062
001081064
001081066
001081068
001081069
001081070
001081071
001081072
001081086
001081087
001081091
001081094
001081100
001081104
001081105
001081108
001081109
001091001
001091002
001091004
001101001
001101002
001101003
001101004
001101005
001101013
001101021
001101022
001101028
001101032
001101035
001101037
001101038
001101040
001101041
001101042
001101043
001101044
001101046
001101048
001101049
001101050
001101051
001101052
001101053
001101054
001101055
001101056
001101057
001101058
001101059
001101061
001101062
001101063
001101065
001101069
001101070
001101071
001101072
001101073
001101074
001101076
001101079
001101080
001101081
001101082
001101085
001101086
001101087
001101094
001101095
001101096
001101097
001101098
001101099
001101102
001101103
001101105
001101106
001101108
001111001
001111002
001111003
001111004
001111006
001111007
001111008
001111009
001111010
001111011
001111012
001111032
001111034
001111035
001111061
001111063
001111066
001111068
001111069
001111070
001111072
001111073
001111077
001121001
001121005
001121006
001121007
001121011
001121023
001121025
001121026
001121032
001121041
001121042
001121043
001121045
