001102000000100
001102000001782
001102000005458
001102000005459
001102000005460
001102000005461
001102000005462
001102000005463
001102000005657
001102000005658
001102000005659
001102000005660
001102000005661
001102000005662
001102000005663
001102000005664
001102000005665
001102000005666
001102000005667
001102000005668
001102000005669
001102000005670
001102000005671
001102000005673
001102000005674
001102000005675
001102000005701
001102000005702
001102000005703
001102000005704
001102000005705
001102000005706
001102000005707
001102000006009
001102000006010
001102000006051
001102000006052
001102000006053
001102000006054
001102000006055
001102000006983
001102000006987
001102000008792
001102000009874
001102000010001
001102000034343
001102000045002
001102000050702
001102000050703
001102000053102
001102000053434
001102000054321
001102000056555
001102000075063
001102000100001
001102000100003
001102000100005
001102000100007
001102000343431
001102000345323
001102000540001
001102000540002
001102000540003
001102000540004
001102000540005
001102000540006
001102000540007
001102000654333
001102000656556
001102000667789
001102000667790
001102000667791
001102000667792
001102000667793
001102000741259
001102000785692
001102000785693
001102000785694
001102000785695
001102000785696
001102000785697
001102000785698
001102000785699
001102000785700
001102000785701
001102000785702
001102000785703
001102000787879
001102000787880
001102000787881
001102000787882
001102000789564
001102000888889
001102000900001
001102000919191
001102000983215
001102000983216
001102000983217
001102000983218
001102000987601
001102000999888
001102000999890
001102000999891
001102000999892
