001102000000100
001102000001782
001102000005458
001102000005459
001102000005460
001102000005461
001102000005462
001102000005463
001102000005657
001102000005658
001102000005659
001102000005660
001102000005661
001102000005662
001102000005663
001102000005664
001102000005665
001102000005666
001102000005667
001102000005668
001102000005669
001102000005670
001102000005671
001102000005673
001102000005674
001102000005675
001102000005701
001102000005702
001102000005703
001102000005704
001102000005705
001102000005706
001102000005707
001102000006009
001102000006010
001102000006051
001102000006052
001102000006053
001102000006054
001102000006055
001102000006983
001102000006987
001102000008792
001102000009874
001102000010001
