0010410000000
0010221000000
0010501000000
0011005000000
0011201000000
0010810000000
0019910000000
0010012000000
0010341000000
0010040000000
0010201000000
0011006000000
0010110000000
0010601000000
0011000000000
0016810000000
0010020000000
0010041000000
0010000000000
0010014000000
0010301000000
0011001000000
0011008000000
0010210000000
0010910000000
0011002000000
0011100000000
0019941000000
0010610000000
0010050000000
0010141000000
0011010000000
0010100000000
0010030000000
0010310000000
0010101000000
0011004000000
0019901000000
0010010000000
0010241000000
0010710000000
