00110001
00110076
0011010
00110196
00110275
00110277
00110278
00110279
00110280
00110281
00110282
00110283
00110284
00110286
00110287
00110289
00110292
00110293
00110294
00110295
00110296
00110297
00110298
00110300
00110301
00110303
00110304
00110309
00110310
00110311
00110312
00110313
00110314
00110315
00110316
00110317
00110320
00110329
00110343
00110344
00110345
00110346
00110347
00110348
00110371
00110372
00110373
00110394
00110395
00110397
00110398
00110409
00110415
00110417
00110418
00110428
00110429
00110430
00110449
00110450
00110451
00110452
00110477
00110483
00110485
00110486
00110487
00110488
00110489
00110494
00110497
00110499
00110501
00110502
00110503
00110510
00110512
00110514
00110515
00110516
00110517
00110519
00110520
00110523
00110524
00110525
00110526
00110533
00110542
00110546
00110550
00110551
00110552
00110554
00110555
00110566
00110599
00110600
00110601
00110602
00110603
00110604
00110605
00110606
00110607
00110608
00110609
00110610
00110611
00110614
00110615
00110616
00110617
00110621
00110622
00110623
00110629
00110630
00110631
00110632
00110633
00110634
00110650
00110651
00110652
00110653
00110654
00110655
00110656
00110664
00110665
00110666
00110668
00110669
00110671
00110690
00110691
00110694
00110695
00110696
00110697
00110698
00110699
00110700
00110701
00110702
00110703
00110704
00110705
00110706
00110707
00110708
00110709
00110710
00110711
00110712
00110713
00110714
00110715
00110720
00110722
00110746
00110747
00110749
00110750
00110755
00110756
00110757
00110758
00110759
00110760
00110761
00110762
00110763
00110764
00110765
00110766
00110767
00110768
00110769
00110770
00110771
00110773
00110774
00110782
00110797
00110798
00110799
00110800
00110801
00110802
00110805
00110806
00110807
00110808
00110809
00110810
00110811
00110812
00110813
00110814
00110815
00110818
00110819
00110820
00110821
00110822
00110823
00110824
00110825
00110826
00110827
00110829
00110830
00110831
00110832
00110833
00110835
00110836
00110837
00110838
00110839
00110840
00110845
00110868
00110869
00110870
00110871
00110872
00110873
00110874
00110875
00110876
00110883
00110884
00110899
00110914
00110918
00110919
00110920
00110921
00110922
00110923
00110924
00110925
00110926
00110927
00110928
00110929
00110930
00110931
00110932
00110933
00110934
00110935
00110936
00110937
00110938
00110939
00110940
00110941
00110944
00110945
00110953
00110954
00110955
00110960
00110961
00110962
00110963
00110964
00110965
00110966
00110967
00110968
00110969
00111051
00111054
00111055
00111056
00111057
00111058
00111059
00111060
00111061
00111062
00111063
00111064
00111075
00111082
00111083
00111084
00111085
00111086
0011110
00111146
00111154
00111155
00111157
00111158
00111159
00111160
00111161
00111162
00111164
00111166
00111170
00111173
00111174
00111175
00111176
00111177
00111203
00111204
00111225
00111226
00111246
00111247
00112123
00112345
0011234567
0011253-1
0011254-1
0011414
0012000
0013000
001330
001331
0015000
0015500
001555
00155555
0015600
0016000
0017000
0018000
00181472
0019000
0019001
001B100
001BIGONE
001KITORD
