00100009167
00100007286
00100009662
00100009746
00100010157
00100008615
00100008813
00100010223
00100009191
00100006197
00100005231
00100005249
00100005264
00100005165
00100006155
00100008276
00100005504
00100005207
00100007070
00100005447
00100005462
00100006353
00100006395
00100006437
00100006452
00100006536
00100006551
00100006569
00100008177
00100008300
00100006296
00100007526
00100007583
00100006494
00100007559
00100006338
00100008201
00100004754
00100007427
00100005405
00100009605
00100008441
00100010256
00100010298
00100008474
00100005702
00100005744
00100005801
00100010280
00100008516
00100005777
00100008417
00100005363
00100009407
00100009431
00100009464
00100008045
00100002444
00100005330
00100009209
00100009449
00100006809
00100006791
00100006767
00100006692
00100007088
00100008243
00100006833
00100006734
00100008342
00100005348
00100002816
00100006908
00100002006
00100006866
00100007997
00100006965
00100008003
00100006932
00100007013
00100007955
00100006890
00100000893
00100001370
00100001412
00100001727
00100001784
00100001826
00100002279
00100002303
00100001388
00100002030
00100002717
00100003269
00100003350
00100003368
00100002972
00100003392
00100003434
00100003020
00100003566
00100003038
00100003590
00100003608
00100003053
00100003707
00100003731
00100003749
00100003137
00100003764
00100003152
00100003830
00100003848
00100003863
00100003905
00100003947
00100004085
00100004127
00100004226
00100004259
00100004283
00100003806
00100004010
00100004028
00100003962
00100004184
00100004325
00100005033
00100005066
00100005090
00100005108
00100005132
00100004796
00100005546
00100005561
00100005579
00100005603
00100004820
00100005876
00100004838
00100005900
00100005918
00100004853
00100005942
00100006221
00100006254
00100006593
00100004895
00100006635
00100006650
00100006668
00100007187
00100007211
00100007229
00100007310
00100004952
00100007328
00100007385
00100004994
00100007484
00100007625
00100007658
00100005009
00100007682
00100007724
00100007757
00100007781
00100004739
00100005645
00100006239
00100004721
00100004358
00100004937
00100005843
00100004697
00100007799
00100009878
00100007922
00100010355
00100008078
00100010637
00100010652
00100010694
00100008102
00100011072
00100011114
00100007823
00100011171
00100011189
00100008144
00100011486
00100011528
00100007880
00100008540
00100012245
00100012260
00100012278
00100012302
00100012344
00100012377
00100007898
00100012419
00100012443
00100012476
00100012500
00100009134
00100012518
00100012542
00100010397
00100011213
00100008375
00100008573
00100011924
00100010322
00100009902
00100011510
00100012401
00100012575
00100013136
00100012740
00100013169
00100013193
00100013235
00100013250
00100013268
00100013292
00100013334
00100012815
00100100016
00100100040
00100012872
00100100685
00100100727
00100012914
00100101030
00100012674
00100101105
00100101147
00100012971
00100101162
00100101246
00100012989
00100101261
00100101303
00100012716
00100101345
00100101360
00100101378
00100013052
00100101444
00100101477
00100101501
00100013094
00100101519
00100101543
00100101774
00100012617
00100012641
00100100784
00100101279
00100013151
00100101048
00100012773
00100013037
00100100115
00100101402
00100101576
00100101915
00100103184
00100103226
00100103259
00100103283
00100103325
00100102848
00100103358
00100102137
00100103424
00100103457
00100103499
00100103523
00100102905
00100103556
00100103580
00100103598
00100102947
00100103622
00100102152
00100103697
00100103721
00100102962
00100103739
00100103796
00100103010
00100103820
00100103853
00100103895
00100103937
00100103028
00100103952
00100103994
00100103085
00100104000
00100104018
00100104042
00100103127
00100104075
00100104117
00100104141
00100102236
00100103481
00100103655
00100102194
00100102863
00100103382
00100103754
00100103838
00100104174
00100104711
00100104315
00100104786
00100104828
00100104372
00100104885
00100104927
00100104216
00100104984
00100104414
00100105080
00100105098
00100104471
00100105122
00100105155
00100105197
00100104489
00100105239
00100104240
00100105296
00100105320
00100104513
00100105338
00100105353
00100104570
00100105452
00100104273
00100105494
00100105536
00100104588
00100105551
00100105569
00100105593
00100104612
00100105635
00100105650
00100104687
00100105668
00100105692
00100105734
00100104729
00100105056
00100105221
00100105437
00100105023
00100104810
00100105254
00100105395
00100105767
00100106211
00100105866
00100106286
00100106328
00100105890
00100106385
00100106427
00100105791
00100106484
00100105908
00100106583
00100106625
00100105932
00100106658
00100106682
00100106724
00100105965
00100106781
00100105809
00100106823
00100106856
00100106013
00100106880
00100106898
00100106070
00100106997
00100105833
00100107003
00100107045
00100106088
00100107060
00100107078
00100107102
00100106112
00100107144
00100107177
00100106187
00100107201
00100107219
00100107243
00100106229
00100106559
00100106757
00100106955
00100106526
00100106310
00100106799
00100106922
00100107276
00100107771
00100107375
00100107813
00100107888
00100107417
00100107912
00100107987
00100107300
00100108035
00100107441
00100108092
00100108134
00100107474
00100108167
00100108191
00100108209
00100107516
00100108266
00100107318
00100108308
00100108332
00100107540
00100108365
00100108407
00100107573
00100108464
00100107342
00100108506
00100108530
00100107615
00100108548
00100108563
00100108605
00100107672
00100108647
00100108662
00100107714
00100108704
00100108746
00100108761
00100107789
00100108068
00100108233
00100108449
00100108050
00100107870
00100108290
00100108431
00100108779
00100109199
00100108878
00100109256
00100109298
00100108902
00100109322
00100109355
00100108803
00100109397
00100108944
00100109454
00100109496
00100108977
00100109520
00100109538
00100109553
00100109025
00100109637
00100108845
00100109694
00100109736
00100109058
00100109751
00100109769
00100109082
00100109850
00100108860
00100109868
00100109892
00100109124
00100109934
00100109967
00100109991
00100109157
00100110015
00100110072
00100109181
00100110114
00100110171
00100110189
00100109223
00100109439
00100109595
00100109835
00100109421
00100109280
00100109652
00100109793
00100110213
00100110759
00100110387
00100110825
00100110882
00100110411
00100110924
00100110957
00100110270
00100110981
00100110429
00100111047
00100111062
00100110486
00100111104
00100111146
00100111161
00100110510
00100111203
00100110288
00100111260
00100111278
00100110528
00100111302
00100111344
00100110585
00100111419
00100110312
00100111443
00100111476
00100110627
00100111500
00100111518
00100111542
00100110684
00100111575
00100111617
00100110726
00100111641
00100111674
00100111716
00100110783
00100111005
00100111179
00100111401
00100110999
00100110858
00100111245
00100111377
00100111740
00100112235
00100112250
00100112268
00100112292
00100112334
00100111971
00100112391
00100111773
00100112409
00100112433
00100112466
00100112706
00100112037
00100112730
00100112748
00100112763
00100112052
00100112805
00100112847
00100111815
00100112862
00100112904
00100112961
00100112979
00100112136
00100113027
00100113084
00100113126
00100111872
00100113159
00100113225
00100113258
00100113282
00100112169
00100113324
00100112193
00100113381
00100113399
00100113423
00100111914
00100111989
00100112946
00100112151
00100112532
00100112094
00100112367
00100113183
00100113357
00100113837
00100113456
00100114512
00100114983
00100113555
00100115055
00100115097
00100115121
00100113597
00100113621
00100115634
00100115667
00100113480
00100115691
00100115709
00100116012
00100116087
00100116111
00100116129
00100116186
00100116210
00100113498
00100116228
00100116285
00100113696
00100116327
00100116384
00100116459
00100116483
00100116525
00100116558
00100116582
00100113522
00100116624
00100116657
00100116681
00100113753
00100116699
00100116723
00100117440
00100113852
00100115469
00100113654
00100113720
00100115436
00100113738
00100116426
00100115139
00100113639
00100119099
00100119123
00100119156
00100119180
00100119198
00100119222
00100119297
00100118745
00100119636
00100118877
00100119735
00100119834
00100120188
00100118901
00100120410
00100118919
00100118760
00100120527
00100120584
00100118943
00100120659
00100120683
00100120725
00100120758
00100118778
00100120824
00100120857
00100119024
00100120881
00100120899
00100119057
00100121202
00100119081
00100121277
00100121301
00100121319
00100118976
00100121343
00100118679
00100119594
00100120485
00100120782
00100118802
00100120626
00100118844
00100120212
00100120428
00100121244
00100121376
00100122069
00100122093
00100122135
00100122150
00100122168
00100121814
00100122234
00100122267
00100121517
00100122291
00100122333
00100122366
00100122390
00100121889
00100122408
00100122432
00100121913
00100122465
00100122507
00100121574
00100122564
00100121970
00100122606
00100122630
00100121988
00100122648
00100122663
00100122705
00100121616
00100122747
00100122036
00100122804
00100122861
00100122051
00100122879
00100122903
00100121475
00100123026
00100123059
00100123083
00100123125
00100121640
00100121871
00100122549
00100122762
00100122309
00100122846
00100122192
00100122531
00100123950
00100123968
00100123992
00100124040
00100123455
00100124214
00100124271
00100124289
00100123323
00100124586
00100123653
00100124685
00100124727
00100123695
00100124826
00100125039
00100125054
00100125138
00100123356
00100125831
00100123836
00100125849
00100125906
00100125930
00100125948
00100123380
00100126011
00100123869
00100126029
00100126086
00100126110
00100123893
00100126128
00100126185
00100123935
00100126284
00100126326
00100126359
00100123158
00100124313
00100125708
00100125963
00100123422
00100123851
00100123794
00100124784
00100125732
00100125864
00100126227
00100126524
00100126821
00100126839
00100126854
00100126557
00100126896
00100126920
00100126425
00100126581
00100126995
00100127001
00100127019
00100126599
00100127043
00100127076
00100126623
00100127100
00100127175
00100127217
00100126656
00100127241
00100127274
00100126680
00100127316
00100127340
00100126698
00100127472
00100127514
00100127571
00100126722
00100127589
00100127613
00100126383
00100127688
00100126755
00100127712
00100127787
00100127811
00100127829
00100126797
00100126953
00100127118
00100127142
00100127373
00100127670
00100126458
00100126482
00100126938
00100127415
00100128330
00100128009
00100128348
00100128363
00100128405
00100128033
00100128504
00100127910
00100128918
00100128942
00100128066
00400000059
00100128132
00100128165
00100127928
00100128231
00100128249
00100128264
00100127886
00100128306
00100127985
00100128207
00100128462
00100005660
00100005678
00100005819
00100005975
00100006023
00100007112
00100007856
00100008318
00100009050
00100009068
00100009092
00100008631
00100008649
00100009399
00100005850
00100005694
00100009381
00100009720
00100001131
00100010140
00100008607
00100009597
00100009159
00100008847
00100009738
00100007278
00100009183
00100007260
00100005199
00100005256
00100005454
00100005496
00100005181
00100007047
00100005397
00100005439
00100006171
00100005520
00100006189
00100007062
00100005223
00100004770
00100004788
00100006486
00100006510
00100006528
00100008292
00100001875
00100007518
00100007542
00100005421
00100006387
00100008169
00100008193
00100007575
00100009654
00100008466
00100008508
00100007443
00100008433
00100008490
00100005769
00100005793
00100010272
00100005280
00100002436
00100005751
00100005736
00100008409
00100002634
00100009423
00100009456
00100008037
00100005355
00100008334
00100005967
00100006759
00100008391
00100006726
00100006858
00100006882
00100006999
00100006981
00100008235
00100008052
00100006825
00100006783
00100007005
00100006957
00100007971
00100007989
00100006924
00100001404
00100001446
00100001701
00100001743
00100001776
00100001800
00100001818
00100001974
00100002295
00100002568
00100002832
00100002964
00100003012
00100001362
00100001719
00100001164
00100002709
00100002022
00100003756
00100003780
00100003798
00100003822
00100003855
00100003921
00100003939
00100003954
00100003996
00100004002
00100003558
00100004044
00100003582
00100004119
00100004218
00100004242
00100003624
00100004275
00100004341
00100004671
00100003426
00100004689
00100004812
00100003681
00100004887
00100004911
00100003699
00100004929
00100004986
00100005025
00100005058
00100005082
00100003723
00100005157
00100005298
00100005538
00100003897
00100004077
00100004713
00100004143
00100004317
00100004176
00100003384
00100007203
00100007245
00100005868
00100007302
00100007344
00100007377
00100007401
00100005595
00100007476
00100007617
00100005934
00100007641
00100007674
00100007740
00100006213
00100007773
00100007419
00100007815
00100005637
00100007914
00100006585
00100008136
00100008151
00100008367
00100008532
00100005835
00100008664
00100006684
00100009894
00100007161
00100010314
00100010371
00100010389
00100005553
00100010629
00100010686
00100007179
00100011064
00100011205
00100005892
00100005991
00100007872
00100008565
00100007716
00100008094
00100006627
00100011163
00100012435
00100012450
00100012468
00100012492
00100012534
00100012567
00100012591
00100011502
00100012633
00100012666
00100012690
00100012708
00100012765
00100012831
00100011544
00100012864
00100012906
00100012294
00100012930
00100012948
00100012336
00100012963
00100013029
00100011676
00100013086
00100013110
00100013128
00100012369
00100013227
00100013326
00100012393
00100013359
00100013383
00100100032
00100100065
00100011478
00100012609
00100012807
00100013011
00100011916
00100012849
00100012252
00100012351
00100012732
00100013185
00100013284
00100101253
00100101295
00100100719
00100101337
00100101352
00100100743
00100101436
00100101493
00100100131
00100101568
00100100776
00100101790
00100101907
00100101931
00100100800
00100102210
00100100818
00100102111
00100102129
00100100644
00100102228
00100101022
00100102897
00100102921
00100101121
00100102939
00100102954
00100102996
00100103002
00100103044
00100103077
00100103101
00100101154
00100103119
00100103143
00100103176
00100101238
00100103200
00100103218
00100103242
00100103275
00100101394
00100101949
00100102855
00100101139
00100101964
00100100107
00100100677
00100101535
00100103317
00100103812
00100103440
00100103911
00100103986
00100103473
00100104034
00100104067
00100103341
00100104091
00100103515
00100104166
00100104190
00100103572
00100104208
00100104232
00100104265
00100103614
00100104331
00100103374
00100104364
00100104406
00100103671
00100104430
00100104448
00100103689
00100104547
00100103416
00100104562
00100104604
00100103713
00100104646
00100104661
00100104679
00100103770
00100104703
00100104745
00100103788
00100104760
00100104778
00100104802
00100103887
00100104133
00100104307
00100104505
00100104109
00100103929
00100104349
00100104463
00100104844
00100105312
00100104943
00100105411
00100105486
00100104976
00100105510
00100105528
00100104877
00100105585
00100105015
00100105726
00100105759
00100105072
00100105783
00100105825
00100105858
00100105114
00100105924
00100104901
00100105981
00100105999
00100105171
00100106005
00100106047
00100105189
00100106146
00100104919
00100106161
00100106179
00100105213
00100106203
00100106245
00100106260
00100105270
00100106278
00100106302
00100105288
00100106344
00100106377
00100106401
00100105387
00100105684
00100105882
00100106104
00100105627
00100105429
00100105957
00100106062
00100106419
00100106872
00100106518
00100106971
00100107037
00100106542
00100107052
00100107094
00100106443
00100107136
00100106575
00100107193
00100107235
00100106617
00100107250
00100107268
00100107292
00100106641
00100107367
00100106476
00100107409
00100107433
00100106674
00100107466
00100107490
00100106716
00100107565
00100106500
00100107607
00100107631
00100106740
00100107649
00100107664
00100107706
00100106773
00100107730
00100107748
00100106815
00100107763
00100107805
00100107847
00100106914
00100107169
00100107334
00100107532
00100107151
00100106989
00100107391
00100107508
00100107862
00100108357
00100107979
00100108399
00100108456
00100108027
00100108480
00100108498
00100107904
00100108522
00100108084
00100108621
00100108639
00100108126
00100108654
00100108696
00100108720
00100108159
00100108753
00100107946
00100108837
00100108852
00100108183
00100108894
00100108936
00100108225
00100108993
00100107961
00100109017
00100109041
00100108258
00100109074
00100109116
00100109140
00100108282
00100109173
00100109215
00100108324
00100109272
00100109314
00100109371
00100108381
00100108597
00100108738
00100108969
00100108555
00100108423
00100108795
00100108951
00100109389
00100109926
00100109512
00100109983
00100110031
00100109587
00100110049
00100110064
00100109413
00100110106
00100109611
00100110163
00100110205
00100109629
00100110247
00100110262
00100110304
00100109686
00100110361
00100109470
00100110403
00100110445
00100109710
00100110460
00100110478
00100109728
00100110577
00100109488
00100110601
00100110619
00100109785
00100110643
00100110676
00100110700
00100109827
00100110718
00100110742
00100109884
00100110775
00100110817
00100110841
00100109959
00100110148
00100110346
00100110544
00100110130
00100110007
00100110379
00100110502
00100110874
00100111294
00100111021
00100111351
00100111393
00100111039
00100111435
00100111450
00100110916
00100111468
00100111054
00100111567
00100111591
00100111096
00100111609
00100111633
00100111666
00100111120
00100111708
00100110940
00100111765
00100111807
00100111138
00100111831
00100111849
00100111153
00100111930
00100110973
00100111948
00100111963
00100111195
00100112011
00100112029
00100112086
00100111237
00100112110
00100112128
00100111252
00100112185
00100112227
00100112284
00100111336
00100111534
00100111690
00100111906
00100111492
00100111369
00100111732
00100111864
00100112854
00100112326
00100112896
00100112920
00100112458
00100112938
00100112953
00100112482
00100113001
00100113019
00100112359
00100113043
00100113076
00100113100
00100113118
00100113217
00100113241
00100112722
00100113274
00100113316
00100112383
00100113373
00100113415
00100113472
00100113514
00100112797
00100113571
00100113589
00100113613
00100112425
00100112821
00100113712
00100113811
00100113829
00100112839
00100114744
00100114777
00100112524
00100114975
00100115014
00100115071
00100112995
00100113175
00100113340
00100113670
00100112698
00100112755
00100113142
00100113688
00100115089
00100116061
00100116079
00100115386
00100116103
00100116145
00100115410
00100116178
00100116202
00100115113
00100116244
00100116277
00100116301
00100116319
00100115659
00100116400
00100115683
00100116418
00100116442
00100116475
00100116517
00100116541
00100116574
00100116616
00100116640
00100116673
00100116715
00100115188
00100117432
00100118653
00100115998
00100118752
00100118794
00100116004
00100118836
00100118851
00100116046
00100118869
00100118935
00100119016
00100116160
00100116376
00100115725
00100118737
00100115428
00100115980
00100116343
00100115170
00100118893
00100120444
00100120477
00100120519
00100120543
00100120576
00100119073
00100120600
00100120618
00100120642
00100120675
00100120717
00100119610
00100120741
00100120774
00100119115
00100120816
00100120873
00100121038
00100121194
00100121236
00100119826
00100121251
00100121269
00100121293
00100121335
00100121350
00100120204
00100121368
00100121467
00100121491
00100120246
00100121590
00100119040
00100121608
00100121632
00100120402
00100121806
00100121848
00100119214
00100119313
00100119628
00100119172
00100119289
00100119727
00100120501
00100120840
00100121020
00100121566
00100121830
00100121863
00100122382
00100122424
00100122457
00100122499
00100122028
00100122523
00100122556
00100121905
00100122580
00100122598
00100122622
00100122697
00100122127
00100122721
00100122739
00100122754
00100122184
00100122820
00100121947
00100122838
00100122853
00100122226
00100123018
00100123042
00100122259
00100123075
00100123117
00100123141
00100123315
00100123372
00100123414
00100123687
00100123711
00100122325
00100123729
00100123810
00100122358
00100123828
00100123885
00100123927
00100122010
00100122085
00100122895
00100122283
00100122655
00100122796
00100121962
00100122481
00100123984
00100124776
00100124800
00100124263
00100124974
00100125484
00100124008
00100125526
00100125583
00100125724
00100125823
00100124503
00100125856
00100125880
00100125898
00100124545
00100125922
00100125955
00100124206
00100125997
00100126003
00100126045
00100124560
00100124578
00100126102
00100126144
00100124230
00100126177
00100126201
00100126219
00100124677
00100126276
00100126300
00100126318
00100124719
00100126342
00100126375
00100126417
00100126441
00100126474
00100124248
00100124305
00100126060
00100126243
00100125070
00100124701
00100124818
00100126078
00100124743
00100126672
00100127068
00100127092
00100127134
00100126714
00100127167
00100127191
00100126540
00100126771
00100127266
00100127290
00100127308
00100126789
00100127332
00100127365
00100126813
00100127407
00100127464
00100127506
00100126870
00100127530
00100127548
00100126888
00100127563
00100127605
00100126912
00100127704
00100127746
00100127761
00100126987
00100127779
00100127803
00100126516
00100127860
00100127035
00100127878
00100127902
00100127944
00100127977
00100127050
00100127233
00100127431
00100127449
00100127647
00100127845
00100126573
00100126615
00100127209
00100127662
00100128157
00100128496
00100128520
00100128934
00100128181
00100128991
00100128082
00100128058
00100128199
00100128223
00100128256
00100128298
00100128124
00100128322
00100128355
00100128025
00100128397
00100128454
00100128280
00100129015
00100002808
00100002949
00100003129
00100002931
00100004101
00100004200
00100004374
00100005124
00100006015
00100006114
00100006270
00100006288
00100007146
00100007104
00100009084
00100009126
00100009225
00100010215
00100009118
00100008656
00100009175
00100007435
00100009373
00100009100
00100010165
00100009670
00100009688
00100008128
00100008821
00100008854
00100008581
00100008326
00100008839
00100010132
00100008623
00100009571
00100010249
00100007252
00100009589
00100007039
00100006148
00100006163
00100005272
00100005470
00100005488
00100005371
00100005215
00100005512
00100007054
00100005173
00100008284
00100006460
00100004762
00100006346
00100006361
00100006403
00100006445
00100006478
00100006502
00100006577
00100006379
00100008185
00100007534
00100005413
00100007567
00100007492
00100010264
00100010306
00100008482
00100008524
00100007294
00100005785
00100008458
00100005728
00100007450
00100005710
00100005959
00100008029
00100009415
00100006775
00100006742
00100006718
00100006700
00100006817
00100006841
00100006874
00100006916
00100006973
00100009217
00100002014
00100007021
00100006940
00100007096
00100000778
00100001453
00100001123
00100001396
00100001420
00100001438
00100007963
00100001867
00100001966
00100002824
00100002980
00100002998
00100001768
00100003046
00100003061
00100003079
00100003160
00100003178
00100001792
00100003277
00100002311
00100003376
00100003400
00100003418
00100002329
00100003442
00100003004
00100001750
00100003145
00100001735
00100004069
00100004135
00100004150
00100004168
00100003772
00100004192
00100003574
00100004267
00100004291
00100003814
00100004333
00100004663
00100003871
00100004705
00100004804
00100004846
00100004861
00100004879
00100003913
00100004960
00100003970
00100004978
00100005017
00100003673
00100005041
00100005074
00100005140
00100005587
00100004036
00100005611
00100005629
00100003889
00100005686
00100005827
00100004051
00100005884
00100005983
00100006007
00100006205
00100003715
00100004309
00100004945
00100005389
00100004234
00100003988
00100004747
00100004903
00100007609
00100007690
00100007708
00100007195
00100007732
00100007765
00100006601
00100007807
00100007864
00100007906
00100007930
00100007336
00100008086
00100008359
00100007351
00100008383
00100008557
00100006619
00100007369
00100007393
00100009712
00100006643
00100010330
00100007468
00100010348
00100010363
00100010405
00100007591
00100010603
00100010645
00100006247
00100010660
00100010678
00100006676
00100010702
00100011155
00100011197
00100007666
00100007948
00100009886
00100007237
00100009142
00100007633
00100009910
00100012526
00100012559
00100012583
00100012625
00100012658
00100012682
00100012724
00100011536
00100012781
00100012799
00100012823
00100012856
00100012898
00100012955
00100011551
00100013003
00100013045
00100012310
00100013060
00100013078
00100012328
00100013102
00100013177
00100011569
00100013201
00100013219
00100013243
00100012427
00100013300
00100013318
00100012484
00100100024
00100100057
00100100099
00100100123
00100011494
00100012757
00100012922
00100013144
00100011668
00100012997
00100012286
00100012385
00100012880
00100013276
00100013342
00100100651
00100101329
00100101386
00100100768
00100101410
00100101428
00100100792
00100101485
00100101782
00100100669
00100101899
00100101923
00100100909
00100100990
00100102145
00100102160
00100101014
00100102202
00100102871
00100102889
00100102970
00100101113
00100102988
00100103036
00100101170
00100103051
00100103069
00100100750
00100103093
00100103135
00100101188
00100103168
00100101287
00100103234
00100103267
00100103291
00100101311
00100103309
00100103333
00100103366
00100103390
00100101527
00100102178
00100102913
00100103150
00100103192
00100101956
00100100735
00100102103
00100103408
00100103804
00100103531
00100103861
00100103903
00100103549
00100103945
00100103960
00100103432
00100103978
00100103564
00100104083
00100104125
00100103606
00100104158
00100104182
00100104224
00100103630
00100104281
00100103465
00100104323
00100104356
00100103648
00100104380
00100104398
00100103663
00100104497
00100103507
00100104521
00100104539
00100103705
00100104554
00100104596
00100104620
00100103747
00100104638
00100104653
00100103762
00100104695
00100104737
00100104752
00100103846
00100104059
00100104257
00100104455
00100104026
00100103879
00100104299
00100104422
00100104794
00100105130
00100104893
00100105163
00100105205
00100104935
00100105262
00100105304
00100105346
00100105361
00100104950
00100105403
00100105445
00100104968
00100105460
00100105478
00100104992
00100104851
00100105601
00100105619
00100105007
00100105676
00100105700
00100105718
00100105742
00100105775
00100104869
00100105817
00100105841
00100105049
00100105874
00100105916
00100105940
00100105064
00100105973
00100106021
00100105106
00100106039
00100106054
00100105148
00100105379
00100105544
00100105031
00100104836
00100105577
00100105247
00100105502
00100105643
00100106096
00100106120
00100106567
00100106591
00100106609
00100106633
00100106666
00100106138
00100106708
00100106732
00100106294
00100106765
00100106807
00100106336
00100106831
00100106849
00100106351
00100106153
00100106948
00100106963
00100106369
00100107029
00100107086
00100107110
00100107128
00100107185
00100106195
00100107227
00100107284
00100106435
00100107326
00100107359
00100107383
00100106450
00100107425
00100106468
00100107482
00100107524
00100107557
00100106534
00100106690
00100106906
00100106393
00100106237
00100106930
00100106492
00100106864
00100106252
00100107011
00100107458
00100107581
00100107995
00100108001
00100108019
00100108043
00100108076
00100107599
00100108118
00100108142
00100107722
00100108175
00100108217
00100107755
00100108241
00100108274
00100107797
00100107623
00100108415
00100108472
00100107821
00100108571
00100108589
00100108613
00100108670
00100108688
00100107656
00100108712
00100108787
00100107854
00100108811
00100108829
00100108886
00100107896
00100108910
00100107920
00100108985
00100109009
00100109033
00100107953
00100108100
00100108340
00100107839
00100107680
00100108373
00100107938
00100108316
00100107698
00100108514
00100108928
00100109066
00100109504
00100109546
00100109561
00100109579
00100109603
00100109090
00100109660
00100109678
00100109231
00100109702
00100109744
00100109249
00100109777
00100109801
00100109264
00100109108
00100109900
00100109918
00100109306
00100109975
00100110023
00100110056
00100110080
00100110098
00100109132
00100110122
00100110155
00100109348
00100110197
00100110221
00100110239
00100109363
00100110254
00100109405
00100110320
00100110338
00100110353
00100109462
00100109645
00100109843
00100109330
00100109165
00100109876
00100109447
00100109819
00100109207
00100109942
00100110296
00100110395
00100110833
00100110866
00100110890
00100110908
00100110932
00100110437
00100111013
00100111070
00100110569
00100111088
00100111112
00100110593
00100111187
00100111211
00100110635
00100110452
00100111328
00100111385
00100110650
00100111484
00100111526
00100111559
00100111583
00100111625
00100110494
00100111658
00100111682
00100110692
00100111724
00100111757
00100111781
00100110734
00100111799
00100110767
00100111856
00100111880
00100111898
00100110809
00100110965
00100111286
00100110668
00100110536
00100111310
00100110791
00100111229
00100110551
00100111427
00100111823
00100112300
00100112342
00100112375
00100112417
00100112060
00100112441
00100112474
00100111955
00100112540
00100112714
00100112078
00100112771
00100112789
00100112813
00100112870
00100112888
00100112144
00100112912
00100112987
00100113035
00100113068
00100112177
00100113092
00100113134
00100112201
00100113167
00100113209
00100113233
00100113266
00100112219
00100113290
00100113308
00100113332
00100112243
00100113365
00100113407
00100112276
00100113449
00100113464
00100112318
00100112516
00100113050
00100112003
00100111922
00100111997
00100112102
00100113191
00100113431
00100112045
00100113506
00100114751
00100114991
00100113605
00100115063
00100115105
00100115162
00100115402
00100115477
00100115642
00100115675
00100113530
00100115717
00100116020
00100113704
00100116038
00100116053
00100116095
00100116137
00100116152
00100116194
00100116236
00100113761
00100116269
00100116293
00100113779
00100116350
00100116368
00100113803
00100116434
00100116467
00100113563
00100116491
00100116509
00100113845
00100116533
00100116566
00100116590
00100116608
00100114769
00100113746
00100116335
00100115006
00100113548
00100116251
00100114736
00100113647
00100116392
00100113662
00100116632
00100118687
00100119164
00100119206
00100118786
00100119230
00100119248
00100116665
00100119602
00100118810
00100119644
00100119701
00100118828
00100119743
00100119800
00100118885
00100120196
00100120220
00100120238
00100118927
00100120394
00100120436
00100118984
00100120451
00100120469
00100120493
00100120535
00100120550
00100120592
00100119032
00100120634
00100120667
00100119065
00100120691
00100120733
00100119107
00100120766
00100120790
00100119131
00100119305
00100119818
00100116707
00100117424
00100119842
00100119149
00100119008
00100119719
00100120568
00100120709
00100120808
00100121780
00100121798
00100121210
00100121228
00100121897
00100121939
00100120832
00100121954
00100121996
00100122002
00100122044
00100122077
00100121327
00100122119
00100121384
00100122143
00100122176
00100120865
00100122242
00100121459
00100122275
00100122317
00100122341
00100122374
00100121012
00100122440
00100122473
00100121558
00100122515
00100122572
00100121582
00100122614
00100122671
00100122689
00100121624
00100122770
00100122788
00100122812
00100122887
00100121822
00100121285
00100122200
00100122416
00100121921
00100121483
00100121855
00100122218
00100122101
00100122911
00100123646
00100123661
00100123067
00100123679
00100123703
00100123802
00100123844
00100122929
00100123901
00100123919
00100123109
00100123943
00100124057
00100124198
00100124222
00100123166
00100124297
00100124321
00100124339
00100124537
00100123307
00100124552
00100124651
00100124669
00100124735
00100123034
00100124750
00100124768
00100123364
00100124792
00100123430
00100125062
00100125476
00100125716
00100123448
00100125872
00100125971
00100125989
00100123091
00100123976
00100124255
00100123349
00100125047
00100123133
00100122986
00100123877
00100124693
00100125914
00100126151
00100126433
00100126466
00100126169
00100126508
00100126532
00100126565
00100126607
00100126193
00100126649
00100126235
00100126706
00100126250
00100126748
00100126763
00100126094
00100126847
00100126862
00100126268
00100126946
00100126292
00100126961
00100126136
00100127027
00100127084
00100127126
00100127183
00100126367
00100127258
00100126037
00100127282
00100127324
00100126391
00100127357
00100127381
00100127399
00100127423
00100126409
00100126052
00100126805
00100126979
00100127225
00100126664
00100127159
00100126490
00100126904
00100126631
00100126334
00100126730
00100127837
00100127852
00100127894
00100127936
00100127597
00100127951
00100127480
00100127993
00100128017
00100128074
00100128116
00100127639
00100128215
00100127654
00100128272
00100128314
00100127498
00100128371
00100128389
00100128413
00100127696
00100128470
00100128488
00100127720
00100128512
00100128926
00100129007
00100127738
00400000067
00100127969
00100128173
00100127621
00100127753
00100127456
00100127795
00100127522
00100127555
00100128041
00100129106
00100002956
00100003616
00100004093
00100004366
00100005926
00100006262
00100007120
00100007138
00100007153
00100007831
00100007849
00100006064
00100009076
00100005116
