00100000018
00100000348
00100000350
00100000351
00100000352
00100000353
00100000354
00100000355
00100000357
00100000388
00100000389
00100000390
00100000391
00100000392
00100000393
00100000394
00100000395
00100000396
00100000397
00100000428
00100000429
00100000431
00100000432
00100000433
00100000434
00100000435
00100000436
00100000437
00100000468
00100000469
00100000470
00100000472
00100000473
00100000474
00100000475
00100000476
00100000477
00100000508
00100000509
00100000510
00100000511
00100000512
00100000514
00100000515
00100000516
00100000517
00100000551
00100000552
00100000553
00100000555
00100000556
00100000557
00100000558
00100000559
00100000560
00100000591
00100000592
00100000593
00100000594
00100000595
00100000597
00100000598
00100000599
00100000600
00100000631
00100000632
00100000633
00100000634
00100000635
00100000636
00100000637
00100000639
00100000640
00100000672
00100000673
00100000674
00100000675
00100000676
00100000677
00100000678
00100000680
00100000681
00100000778
00100000893
00100001123
00100001131
00100001164
00100001362
00100001370
00100001388
00100001396
00100001404
00100001412
00100001420
00100001438
00100001446
00100001453
00100001701
00100001719
00100001727
00100001735
00100001743
00100001750
00100001768
00100001776
00100001784
00100001792
00100001800
00100001818
00100001826
00100001867
00100001875
00100001966
00100001974
00100002006
00100002014
00100002022
00100002030
00100002279
00100002295
00100002303
00100002311
00100002329
00100002352
00100002436
00100002444
00100002568
00100002634
00100002709
00100002717
00100002808
00100002816
00100002931
00100002949
00100002956
00100002964
00100002972
00100002980
00100002998
00100003004
00100003012
00100003020
00100003038
00100003046
00100003053
00100003061
00100003079
00100003129
00100003137
00100003145
00100003152
00100003160
00100003178
00100003269
00100003277
00100003350
00100003368
00100003376
00100003384
00100003392
00100003400
00100003418
00100003426
00100003434
00100003442
00100003558
00100003566
00100003574
00100003582
00100003590
00100003608
00100003616
00100003624
00100003673
00100003681
00100003699
00100003707
00100003715
00100003723
00100003731
00100003749
00100003756
00100003764
00100003772
00100003780
00100003798
00100003806
00100003814
00100003822
00100003830
00100003848
00100003855
00100003863
00100003871
00100003889
00100003897
00100003905
00100003913
00100003921
00100003939
00100003947
00100003954
00100003962
00100003970
00100003988
00100003996
00100004002
00100004010
00100004028
00100004036
00100004044
00100004051
00100004069
00100004077
00100004085
00100004093
00100004101
00100004119
00100004127
00100004135
00100004143
00100004150
00100004168
00100004176
00100004184
00100004192
00100004200
00100004218
00100004226
00100004234
00100004242
00100004259
00100004267
00100004275
00100004283
00100004291
00100004309
00100004317
00100004325
00100004333
00100004341
00100004358
00100004366
00100004374
00100004382
00100004390
00100004408
00100004416
00100004424
00100004432
00100004440
00100004457
00100004465
00100004473
00100004481
00100004499
00100004507
00100004515
00100004523
00100004531
00100004549
00100004556
00100004564
00100004572
00100004580
00100004598
00100004606
00100004614
00100004622
00100004630
00100004648
00100004655
00100004663
00100004671
00100004689
00100004697
00100004705
00100004713
00100004721
00100004739
00100004747
00100004754
00100004762
00100004770
00100004788
00100004796
00100004804
00100004812
00100004820
00100004838
00100004846
00100004853
00100004861
00100004879
00100004887
00100004895
00100004903
00100004911
00100004929
00100004937
00100004945
00100004952
00100004960
00100004978
00100004986
00100004994
00100005009
00100005017
00100005025
00100005033
00100005041
00100005058
00100005066
00100005074
00100005082
00100005090
00100005108
00100005116
00100005124
00100005132
00100005140
00100005157
00100005165
00100005173
00100005181
00100005199
00100005207
00100005215
00100005223
00100005231
00100005249
00100005256
00100005264
00100005272
00100005280
00100005298
00100005306
00100005314
00100005322
00100005330
00100005348
00100005355
00100005363
00100005371
00100005389
00100005397
00100005405
00100005413
00100005421
00100005439
00100005447
00100005454
00100005462
00100005470
00100005488
00100005496
00100005504
00100005512
00100005520
00100005538
00100005546
00100005553
00100005561
00100005579
00100005587
00100005595
00100005603
00100005611
00100005629
00100005637
00100005645
00100005652
00100005660
00100005678
00100005686
00100005694
00100005702
00100005710
00100005728
00100005736
00100005744
00100005751
00100005769
00100005777
00100005785
00100005793
00100005801
00100005819
00100005827
00100005835
00100005843
00100005850
00100005868
00100005876
00100005884
00100005892
00100005900
00100005918
00100005926
00100005934
00100005942
00100005959
00100005967
00100005975
00100005983
00100005991
00100006007
00100006015
00100006023
00100006031
00100006049
00100006056
00100006064
00100006072
00100006080
00100006098
00100006106
00100006114
00100006122
00100006130
00100006148
00100006155
00100006163
00100006171
00100006189
00100006197
00100006205
00100006213
00100006221
00100006239
00100006247
00100006254
00100006262
00100006270
00100006288
00100006296
00100006304
00100006312
00100006320
00100006338
00100006346
00100006353
00100006361
00100006379
00100006387
00100006395
00100006403
00100006411
00100006429
00100006437
00100006445
00100006452
00100006460
00100006478
00100006486
00100006494
00100006502
00100006510
00100006528
00100006536
00100006544
00100006551
00100006569
00100006577
00100006585
00100006593
00100006601
00100006619
00100006627
00100006635
00100006643
00100006650
00100006668
00100006676
00100006684
00100006692
00100006700
00100006718
00100006726
00100006734
00100006742
00100006759
00100006767
00100006775
00100006783
00100006791
00100006809
00100006817
00100006825
00100006833
00100006841
00100006858
00100006866
00100006874
00100006882
00100006890
00100006908
00100006916
00100006924
00100006932
00100006940
00100006957
00100006965
00100006973
00100006981
00100006999
00100007005
00100007013
00100007021
00100007039
00100007047
00100007054
00100007062
00100007070
00100007088
00100007096
00100007104
00100007112
00100007120
00100007138
00100007146
00100007153
00100007161
00100007179
00100007187
00100007195
00100007203
00100007211
00100007229
00100007237
00100007245
00100007252
00100007260
00100007278
00100007286
00100007294
00100007302
00100007310
00100007328
00100007336
00100007344
00100007351
00100007369
00100007377
00100007385
00100007393
00100007401
00100007419
00100007427
00100007435
00100007443
00100007450
00100007468
00100007476
00100007484
00100007492
00100007500
00100007518
00100007526
00100007534
00100007542
00100007559
00100007567
00100007575
00100007583
00100007591
00100007609
00100007617
00100007625
00100007633
00100007641
00100007658
00100007666
00100007674
00100007682
00100007690
00100007708
00100007716
00100007724
00100007732
00100007740
00100007757
00100007765
00100007773
00100007781
00100007799
00100007807
00100007815
00100007823
00100007831
00100007849
00100007856
00100007864
00100007872
00100007880
00100007898
00100007906
00100007914
00100007922
00100007930
00100007948
00100007955
00100007963
00100007971
00100007989
00100007997
00100008003
00100008011
00100008029
00100008037
00100008045
00100008052
00100008060
00100008078
00100008086
00100008094
00100008102
00100008110
00100008128
00100008136
00100008144
00100008151
00100008169
00100008177
00100008185
00100008193
00100008201
00100008219
00100008227
00100008235
00100008243
00100008250
00100008268
00100008276
00100008284
00100008292
00100008300
00100008318
00100008326
00100008334
00100008342
00100008359
00100008367
00100008375
00100008383
00100008391
00100008409
00100008417
00100008425
00100008433
00100008441
00100008458
00100008466
00100008474
00100008482
00100008490
00100008508
00100008516
00100008524
00100008532
00100008540
00100008557
00100008565
00100008573
00100008581
00100008599
00100008607
00100008615
00100008623
00100008631
00100008649
00100008656
00100008664
00100008805
00100008813
00100008821
00100008839
00100008847
00100008854
00100009050
00100009068
00100009076
00100009084
00100009092
00100009100
00100009118
00100009126
00100009134
00100009142
00100009159
00100009167
00100009175
00100009183
00100009191
00100009209
00100009217
00100009225
00100009373
00100009381
00100009399
00100009407
00100009415
00100009423
00100009431
00100009449
00100009456
00100009464
00100009571
00100009589
00100009597
00100009605
00100009639
00100009647
00100009654
00100009662
00100009670
00100009688
00100009712
00100009720
00100009738
00100009746
00100010132
00100010140
00100010157
00100010165
00100010215
00100010223
00100010231
00100010249
00100010256
00100010264
00100010272
00100010280
00100010298
00100010306
00100010314
00100010322
00100010330
00100010348
00100010355
00100010363
00100010371
00100010389
00100010397
00100010405
00100010439
00100010447
00100010629
00100010637
00100010645
00100010652
00100010660
00100010678
00100010686
00100010694
00100010702
00100011114
00100011478
00100011486
00100011494
00100011502
00100011510
00100011528
00100011536
00100011544
00100011551
00100011569
00100011668
00100011676
00100011916
00100011924
00100013383
00100100024
00100100032
00100100040
00100100057
00100100065
00100100909
00100112516
00100112524
00100112532
00100112540
00100115386
00100115469
00100115477
00100115634
00100115642
00100115659
00100115667
00100115675
00100115683
00100115691
00100115709
00100115717
00100115725
00100115980
00100115998
00100116004
00100116012
00100116020
00100116038
00100116046
00100116053
00100116061
00100116079
00100116087
00100116095
00100116103
00100116111
00100116129
00100116137
00100116145
00100116152
00100116160
00100116178
00100116186
00100116194
00100116202
00100116210
00100116228
00100116236
00100116244
00100116251
00100116269
00100116277
00100116285
00100116293
00100116301
00100116319
00100116327
00100116335
00100116343
00100116350
00100116368
00100116376
00100116384
00100116392
00100116400
00100116418
00100116426
00100116434
00100116442
00100116459
00100116467
00100116475
00100116483
00100116491
00100116509
00100116517
00100116525
00100116533
00100116541
00100116558
00100116566
00100116574
00100116582
00100116590
00100116608
00100116616
00100116624
00100116632
00100116640
00100116657
00100116665
00100116673
00100116681
00100116699
00100116707
00100116715
00100116723
00100118653
00100118976
00100118984
00100119008
00100119016
00100119032
00100119040
00100119057
00100119065
00100119073
00100119081
00100119099
00100119107
00100119115
00100119123
00100119131
00100119149
00100119156
00100119164
00100119172
00100119230
00100119248
00100119305
00100119313
00100120188
00100120196
00100120204
00100120212
00100120220
00100120238
00100120246
00100121475
00100121517
00100121558
00100121566
00100121574
00100121582
00100121590
00100121608
00100121616
00100121624
00100121632
00100123091
00100123109
00100123117
00100123125
00100123133
00100123141
00100123158
00100123166
00100123307
00100123315
00100123323
00100123414
00100123430
00100123448
00100123455
00100123646
00100123653
00100123661
00100123679
00100123687
00100123695
00100123703
00100123711
00100123729
00100123794
00100123802
00100123810
00100123828
00100123836
00100123844
00100123851
00100123869
00100123877
00100123885
00100123893
00100123901
00100123919
00100123927
00100123935
00100123943
00100123950
00100123968
00100123976
00100123984
00100123992
00100124040
00100124057
00100124198
00100124206
00100124214
00100124222
00100124230
00100124248
00100124255
00100124263
00100124271
00100124289
00100124297
00100124305
00100124313
00100124321
00100124339
00100124503
00100124578
00100124693
00100124701
00100124719
00100124727
00100124776
00100124784
00100124792
00100124800
00100125823
00100125831
00100125849
00100125856
00100125864
00100125872
00100125880
00100125898
00100125906
00100125914
00100125922
00100125930
00100125948
00100125955
00100125963
00100125971
00100125989
00100125997
00100126003
00100126011
00100126029
00100126037
00100126045
00100126052
00100126060
00100126078
00100126086
00100126094
00100126102
00100126110
00100126128
00100126136
00100126144
00100126151
00100126169
00100126177
00100126185
00100126193
00100126201
00100126219
00100126227
00100126235
00100126243
00100126250
00100126268
00100126276
00100126284
00100126292
00100126300
00100126318
00100126326
00100126334
00100126342
00100126359
00100126367
00100126375
00100126383
00100126391
00100126409
00100126417
00100126425
00100126433
00100126441
00100126458
00100126466
00100126474
00100126482
00100126490
00100126508
00100126516
00100126524
00100126532
00100126540
00100126557
00100126565
00100126573
00100126581
00100126599
00100126607
00100126615
00100126623
00100126631
00100126649
00100126656
00100126664
00100126672
00100126680
00100126698
00100126706
00100126714
00100126722
00100126730
00100126748
00100126755
00100126763
00100126771
00100126789
00100126797
00100126805
00100126813
00100126821
00100126839
00100126847
00100126854
00100126862
00100126870
00100126888
00100126896
00100126904
00100126912
00100126920
00100126938
00100126946
00100126953
00100126961
00100126979
00100126987
00100126995
00100127001
00100127019
00100127027
00100127035
00100127043
00100127050
00100127068
00100127076
00100127084
00100127092
00100127100
00100127118
00100127126
00100127134
00100127142
00100127159
00100127167
00100127175
00100127183
00100127191
00100127209
00100127217
00100127225
00100127233
00100127241
00100127258
00100127266
00100127274
00100127282
00100127290
00100127308
00100127316
00100127324
00100127332
00100127340
00100127357
00100127365
00100127373
00100127381
00100127399
00100127407
00100127415
00100127423
00100127431
00100127449
00100127456
00100127464
00100127472
00100127480
00100127498
00100127506
00100127514
00100127522
00100127530
00100127548
00100127555
00100127563
00100127571
00100127589
00100127597
00100127605
00100127613
00100127621
00100127639
00100127647
00100127654
00100127662
00100127670
00100127688
00100127696
00100127704
00100127712
00100127720
00100127738
00100127746
00100127753
00100127761
00100127779
00100127787
00100127795
00100127803
00100127811
00100127829
00100127837
00100127845
00100127852
00100127860
00100127878
00100127886
00100127894
00100127902
00100127910
00100127928
00100127936
00100127944
00100127951
00100127969
00100127977
00100127985
00100127993
00100128009
00100128017
00100128025
00100128033
00100128041
00100128058
00100128066
00100128074
00100128082
00100128116
00100128124
00100128132
00100128157
00100128165
00100128173
00100128181
00100128199
00100128207
00100128215
00100128223
00100128231
00100128249
00100128256
00100128264
00100128272
00100128280
00100128298
00100128306
00100128314
00100128322
00100128330
00100128348
00100128355
00100128363
00100128371
00100128389
00100128397
00100128405
00100128413
00100128520
00100128918
00100128926
00100128934
00100128942
00100128991
00100129007
001123456
00112345678910
001ABC123654
00400000059
00400000067
