0010000000102000018872
0010000000102000018873
0010000000102000018874
0010000000201000018868
0010000000201000018869
0010000000201000018870
0010000000201000018871
0010000000201000018879
0010000000201000018885
0010000000201000018886
0010000000202010018887
0010100000102000018861
0010100000102000018862
0010100000102000018863
0010100000102000018864
0010100000102000018865
0010100000102000018866
0010100000102000018867
0010100000102000018877
0010100000102000018882
0010100000102000018883
0010100000201000018876
0010100000201000018878
0010100000201000018880
0010100000201000018881
0010101100202004018884
0010105440202004018875
0010100000102000018773
0010100000105000018772
0010100000105000018777
0010100000300020018775
0010100000300020018776
0010101100101000018774
0010000000145010018850
0010000000414000018859
0010100000145010018839
0010100000145010018840
0010100000145010018845
0010100000145010018852
0010100000145010018853
0010100000145010018855
0010100000145010018856
0010100000145010018857
0010100000414000018841
0010100000414000018842
0010100000414000018843
0010100000414000018846
0010100000414000018847
0010100000414000018848
0010100000414000018849
0010100000414000018858
0010200000145010018844
0010200000414000018854
0010300000145010018860
0010300000414000018851
0010000000000001019265
0010000000000001019266
0010000000000001019276
0010000000000001019277
0010000000000001019287
0010000000000001019288
0010000000000001019298
0010000000000001019299
0010000000000001019309
0010000000000001019310
0010000000000001019444
0010000000000001019445
0010000000205003018979
0010000000205003019264
0010000000205003019275
0010000000205003019286
0010000000205003019297
0010000000205003019308
0010000000205003019322
0010000000666666019131
0010000000666666019133
0010100000000000019269
0010100000000000019280
0010100000000000019291
0010100000000000019302
0010100000000000019313
0010100000000001019267
0010100000000001019268
0010100000000001019278
0010100000000001019279
0010100000000001019289
0010100000000001019290
0010100000000001019300
0010100000000001019301
0010100000000001019311
0010100000000001019312
0010100000000001019446
0010100000000001019447
0010100000121005018980
0010100000121005019129
0010100000121005019132
0010100000121005019273
0010100000121005019284
0010100000121005019295
0010100000121005019306
0010100000121005019317
0010100000121005019320
0010100000121005019321
0010100000121005019442
0010100000141000019130
0010100000202000019263
0010100000202000019274
0010100000202000019285
0010100000202000019296
0010100000202000019307
0010100000202000019318
0010100000202000019319
0010100000202000019443
0010200000000001019271
0010200000000001019272
0010200000000001019282
0010200000000001019283
0010200000000001019293
0010200000000001019294
0010200000000001019304
0010200000000001019305
0010200000000001019315
0010200000000001019316
0010200000000001019448
0010200000000001019449
0010100000105000018341
0010100000301000018342
0010100000301000018343
0010100000301010018344
0010100000102000020584
0010100000501000020585
0010100000105000014902
0010100000105000019174
0010100000105000019175
0010100000105000019176
0010100000105000019177
0010100000105000019178
0010100000105000019180
0010100000301001019184
0010100000301001019185
0010100000301010019182
0010100000301010019183
0010100000501000014901
0010101100501000019168
0010101100501000019169
0010101100501000019170
0010101100501000019171
0010101100501000019172
0010101100501000019173
0010105500301000019179
0010109900301000019181
0010100000201000018977
0010101100400000018978
0010000000401002019252
0010000000401003014920
0010000000401003019210
0010000000401004014957
0010000000401004019206
0010000000401005014918
0010000000401005019251
0010000000401005019260
0010000000406001014935
0010000000406001019212
0010000000406001019255
0010000000666666014936
0010000000666666019204
0010000000666666019205
0010100000555555019235
0010100000555555019236
0010101000125232014946
0010101000125232014947
0010101000125232019248
0010101000125232019249
0010101000125232019262
0010101000125233014924
0010101000125233014925
0010101000125233019246
0010101000125233019247
0010101000125233019261
0010101100121004019211
0010101100121005019207
0010101100125201014939
0010101100125201014940
0010101100125201019215
0010101100125201019216
0010101100125201019257
0010101100125206014903
0010101100125206014904
0010101100125206019200
0010101100125206019201
0010101100125206019256
0010101100125211019198
0010101100125211019199
0010101100125212019196
0010101100125212019197
0010101100125221014952
0010101100125221019237
0010101100125221019238
0010101100125222019233
0010101100125222019234
0010101100125231019242
0010101100125271014905
0010101100125271014906
0010101100125271019189
0010101100125271019190
0010101100125281019227
0010101100125281019228
0010101100205003019218
0010101100401000014938
0010101100401000019217
0010101100401001014909
0010101100401001014910
0010101100401001019229
0010101100401001019230
0010101100406000014921
0010101100406000019194
0010101100406000019195
0010101100406000019259
0010101100406004014941
0010101100406004019186
0010101100406004019258
0010103300125281019245
0010103300406000019250
0010104000125232014943
0010104000125232019253
0010104023125201014954
0010104023406004014955
0010104402121004019221
0010104402125201019239
0010104402125231019220
0010104402125271019208
0010104402125271019209
0010104402401000019254
0010104402401001019244
0010104402406000019243
0010104402406004019241
0010104403121004014919
0010104403121004019213
0010104403121004019214
0010104403121005014917
0010104403121005019240
0010104403125201014926
0010104403125201014927
0010104403125201019187
0010104403125201019188
0010104403125231014951
0010104403125231019219
0010104403125271014907
0010104403125271014908
0010104403125271019231
0010104403125271019232
0010104403125281014934
0010104403401000014930
0010104403401000019224
0010104403401000019225
0010104403401001014922
0010104403401001014923
0010104403401001019222
0010104403401001019223
0010104403406000014911
0010104403406000014912
0010104403406000019202
0010104403406000019203
0010104403406004014928
0010104403406004019191
0010104403406004019192
0010104450121004014950
0010104450121005014953
0010104450125201014931
0010104450125201014932
0010104450125231014915
0010104450125271014913
0010104450125271014914
0010104450406000014945
0010104450406004014933
0010105440125281019193
0010105440406000019226
0010109900125221014929
0010109900406004014948
0010201000125232014942
0010201000125233014916
0010201100125201014944
0010201100125206014958
0010201100406000014956
0010201100406004014949
