00100027672
00100027680
00100027698
00100027706
00100027714
00100027730
00100027920
00100027623
00100027631
00100027649
00100027656
00100027664
00100027912
00100027474
00100027482
00100027490
00100027508
00100027888
00100027524
00100027532
00100027540
00100027557
00100027565
00100027896
00100027573
00100027581
00100027599
00100027607
00100027615
00100027904
00100027763
00100027771
00100027789
00100027797
00100027805
00100027813
00100027375
00100027383
00100027391
00100027409
00100027748
00100027425
00100027433
00100027441
00100027458
00100027466
00100027722
00100027755
